546 130
545 150
546 169
549 187
564 212
588 228
607 231
628 228
656 211
672 186
675 168
675 150
674 129
636 75
608 68
580 74
583 114
572 113
561 120
572 120
582 121
594 121
621 121
633 114
646 114
656 122
645 121
634 121
635 125
580 124
590 131
585 128
580 126
575 127
571 130
575 132
580 133
585 133
580 130
636 130
626 132
631 128
636 127
640 128
645 131
640 133
636 133
631 133
616 150
606 150
596 150
594 167
605 164
618 167
627 160
624 168
605 173
588 168
585 160
577 185
589 182
599 182
606 183
612 182
623 181
636 185
620 185
606 186
592 186
592 190
606 191
620 189
628 192
617 196
606 197
595 196
585 193
546 69
675 69